1201973923743277057
1201973419638534200
1201973396121075782
1201973366249226330
1201972861389258762
1201972610540245102
1201972433230512189
1201972416331391026
1201972405384532048
1201972399709634591
1201972394777133076
1201972375550165095
1201972357787287604
1201972295707402272
1201972288959041577
1201972210814943312
1201971926994800670
1201971901560528907
1201971863870509206
1201971730839777312
1201971716595925092
1201971711218815037
1201971693078466701
1201971650015547493
1201971627177549874
1201971590708072470
1201971585481973801
1201971575285628989
1201971528208764938
1201971454208647178
1201971433551699988
1201969254505926746
1201968881296752650
1201968689768038420
1201968682834853979
1201968671766085663
1201968304986529822
1201968283256102943
1201968269657899089
1201968246698278922
1201968225865175110
1201968199156113428
1201967983769944147
1201967973410283620
1201967968213278761
1201967874399273080
1201967837321908315
1201967792077672468
1201967633906544652
1201967624754565140
1201973923743277057
1201973419638534200
1201973396121075782
1201973366249226330
1201972861389258762
1201972405384532048
1201972399709634591
1201972394777133076
1201972375550165095
1201972295707402272
1201972210814943312
1201971926994800670
1201971901560528907
1201971863870509206
1201971730839777312
1201971716595925092
1201971711218815037
1201971693078466701
1201971650015547493
1201971627177549874
1201971590708072470
1201971585481973801
1201971575285628989
1201971528208764938
1201971454208647178
1201971433551699988
1201969254505926746
1201968689768038420
1201968682834853979
1201968671766085663
1201968304986529822
1201968283256102943
1201968269657899089
1201968246698278922
1201968225865175110
1201968199156113428
1201967983769944147
1201967973410283620
1201967968213278761
1201967874399273080
1201967837321908315
1201967792077672468
1201967633906544652
1201967624754565140
1201967494966030346
1201967403563483176
1201967388728508466
1201967330519679056
1201967170808971274
1201967152706629663
1213128284976717834
1213127867106459730
1213127832847392819
1213129901951942677
1213128284976717834
1213127867106459730
1213127832847392819
1213131538984730675
1213131537713725470
1213131536296190012
1213131534295371817
1213131533486133289
1213131532051419196
1213131516901855232
1213129901951942677
1213128284976717834
1213127867106459730
1213127832847392819
1213149827387625503
1213144083229319212
1213144006993907803
1213143958809481246
1213143804580991006
1213143742052171806
1213143712633192541
